
 +++++++++++++++++++++++++++++
 
 instance car1
 
 +++++++++++++++++++++++++++++
 Carlier 11x5 instance
 11 5
 0 375 1  12 2 142 3 245 4 412
 0 632 1 452 2 758 3 278 4 398
 0  12 1 876 2 124 3 534 4 765
 0 460 1 542 2 523 3 120 4 499
 0 528 1 101 2 789 3 124 4 999
 0 796 1 245 2 632 3 375 4 123
 0 532 1 230 2 543 3 896 4 452
 0  14 1 124 2 214 3 543 4 785
 0 257 1 527 2 753 3 210 4 463
 0 896 1 896 2 214 3 258 4 259
 0 532 1 302 2 501 3 765 4 988
 +++++++++++++++++++++++++++++
 
 instance car6
 
 +++++++++++++++++++++++++++++
 Carlier 8x9 instance
 8 9
 0 887 1 447 2 234 3 159 4 201 5 555 6 463 7 456 8 753
 0 799 1 779 2 567 3 267 4 478 5 444 6 123 7 789 8  21
 0 999 1 999 2 852 3 483 4 520 5 120 6 456 7 630 8 427
 0 666 1 666 2 140 3 753 4 145 5 142 6 789 7 258 8 520
 0 663 1  25 2 222 3 420 4 699 5 578 6 876 7 741 8 142
 0 333 1 558 2 558 3 159 4 875 5 965 6 543 7  36 8 534
 0 222 1 886 2 965 3  25 4 633 5 412 6 210 7 985 8 157
 0 114 1 541 2 412 3 863 4 222 5  25 6 123 7 214 8 896
 +++++++++++++++++++++++++++++
  
 instance reC05
 
 +++++++++++++++++++++++++++++
 Reeves 20x5 type C instance
 20  5
  0  59  1  37  2  67  3  39  4  30
  0  89  1  41  2  42  3  59  4  43
  0  18  1  56  2  75  3  95  4  75
  0  65  1  67  2  50  3  57  4  13
  0   1  1  79  2  71  3  78  4  88
  0  49  1 100  2  30  3  76  4  36
  0  99  1   9  2  34  3  44  4  62
  0  35  1  46  2  58  3  26  4  73
  0   8  1  98  2  97  3  20  4  73
  0  39  1  73  2  20  3  55  4  30
  0  60  1  18  2  97  3  61  4  22
  0  71  1   1  2   4  3  88  4  52
  0  76  1  30  2  51  3  77  4  22
  0  30  1  98  2  25  3  43  4   5
  0  77  1  36  2  76  3  16  4  45
  0   5  1  82  2  64  3  13  4  14
  0  98  1  84  2   4  3  34  4  26
  0  79  1  28  2  84  3  69  4  36
  0  38  1  36  2  47  3  86  4   1
  0  69  1  19  2  54  3  83  4  97
 +++++++++++++++++++++++++++++
 
 instance reC07
 
 +++++++++++++++++++++++++++++
 Reeves 20x10 type C instance
 20 10
  0  28  1  18  2  38  3  11  4  97  5  23  6  90  7  52  8  79  9  63
  0  50  1  30  2  75  3  82  4  38  5  39  6  28  7  84  8  48  9  57
  0  75  1  50  2  33  3  58  4  56  5  41  6  51  7  29  8  75  9  97
  0  65  1  42  2  66  3  29  4  36  5  29  6  10  7  84  8  14  9  67
  0  84  1  68  2  42  3  41  4  86  5  23  6  95  7  30  8  73  9  97
  0  33  1  72  2  79  3  85  4  81  5  51  6  72  7  19  8  48  9  48
  0  91  1  66  2  87  3  88  4  97  5  36  6  21  7  59  8  61  9   4
  0  51  1  23  2 100  3  93  4  48  5  84  6  74  7   7  8  98  9  55
  0  58  1  61  2  17  3  54  4  25  5  71  6  52  7  47  8  49  9  86
  0  44  1  27  2  40  3  19  4  34  5  33  6   3  7  89  8  39  9  66
  0  70  1  94  2   7  3  19  4  31  5  48  6  38  7  48  8  73  9  34
  0  60  1  38  2  34  3  55  4  63  5  28  6  70  7  35  8  68  9  88
  0  39  1  33  2  53  3  87  4   2  5   6  6  51  7  42  8  93  9  67
  0  72  1  35  2  45  3  20  4  84  5  23  6  10  7  34  8   8  9  48
  0 100  1  71  2  80  3  89  4  47  5  15  6  90  7  33  8  97  9  26
  0  79  1  23  2  57  3  54  4  70  5  99  6  85  7   5  8   9  9   4
  0  14  1  23  2  36  3  79  4   4  5  65  6  78  7  51  8  95  9  79
  0   3  1  32  2  81  3  26  4  19  5  59  6  80  7  90  8  44  9  33
  0  68  1  33  2  94  3  37  4  33  5  74  6  64  7  50  8  22  9  17
  0  94  1  17  2  54  3  27  4  55  5  34  6   7  7  56  8  10  9  41
 +++++++++++++++++++++++++++++
 
 instance reC19
 
 +++++++++++++++++++++++++++++
 Reeves 30x10 type C instance
 30 10
  0  40  1  16  2  50  3  59  4 100  5  78  6  38  7  76  8   9  9  68
  0  39  1   3  2  35  3  70  4  65  5  80  6  40  7  49  8  52  9  50
  0  31  1  56  2  88  3  71  4  83  5  69  6  48  7  98  8  88  9  96
  0  65  1  77  2  58  3  66  4  86  5  93  6  69  7  49  8  85  9  51
  0  11  1   5  2  75  3  12  4  56  5  64  6  20  7   6  8  83  9  49
  0  48  1  56  2  41  3  55  4   3  5  94  6  11  7  87  8  78  9  48
  0  47  1  60  2  16  3  67  4  61  5  36  6  36  7  62  8  13  9  74
  0  67  1 100  2   3  3  85  4  70  5  19  6  58  7  87  8  61  9  51
  0  32  1  47  2  40  3  47  4  66  5  85  6  99  7  50  8  19  9  45
  0  27  1  97  2  84  3  30  4  68  5  28  6  26  7  98  8  88  9  96
  0  81  1  12  2   1  3  88  4  63  5  32  6  38  7  82  8  68  9  61
  0  58  1  56  2  53  3  88  4 100  5   8  6  57  7  92  8  39  9  45
  0  38  1  30  2  81  3  51  4  70  5  28  6  10  7  93  8  53  9  45
  0  14  1  13  2   1  3  84  4  97  5  69  6  20  7  68  8  19  9  83
  0  70  1  98  2  83  3  22  4  27  5  44  6  93  7  46  8  91  9  45
  0  75  1  30  2  45  3  64  4  13  5  47  6   6  7  49  8  57  9  21
  0  69  1  41  2  37  3  12  4   3  5  81  6  92  7  25  8  24  9  36
  0  47  1  92  2  28  3   4  4  28  5   3  6  32  7  85  8   8  9  94
  0  52  1   7  2  97  3  56  4  90  5  60  6  37  7  42  8  19  9  15
  0  58  1  11  2  18  3 100  4  47  5  24  6  41  7  48  8  51  9  65
  0  61  1  69  2  45  3  17  4   4  5  31  6  83  7  32  8  68  9   5
  0  63  1  22  2   5  3  77  4  99  5  19  6  99  7  37  8  92  9  19
  0  63  1  25  2  83  3  78  4  89  5  66  6   8  7  57  8  89  9  56
  0  42  1  86  2   8  3  83  4  39  5  26  6  99  7  75  8  60  9  67
  0  51  1 100  2  42  3  53  4  10  5  66  6  19  7   2  8  24  9  41
  0 100  1  90  2  68  3  91  4  46  5   5  6  59  7  11  8  10  9  44
  0  42  1  41  2  76  3  76  4  61  5  52  6  44  7  78  8  40  9  57
  0  83  1  24  2  14  3 100  4  26  5  41  6  19  7  18  8  21  9  12
  0   5  1  84  2  57  3   6  4  60  5  91  6  18  7  83  8  44  9  87
  0  69  1  35  2  72  3  62  4  90  5   8  6  44  7  67  8   4  9  77

 ++++++++++++++++++++++++++++++ END OF DATA ++++++++++++++++++++++++++++++